r_5000 <- c(0.95109510951095111, 0.95019501950195018, 0.95049504950495045, 0.95069506950695071, 0.95049504950495045, 0.94919491949194923, 0.94969496949694965, 0.95109510951095111, 0.95019501950195018, 0.95099509950995098, 0.95079507950795084, 0.95009500950095005, 0.95069506950695071, 0.95059505950595058, 0.95069506950695071, 0.95029502950295031, 0.95009500950095005, 0.95059505950595058, 0.95029502950295031, 0.95099509950995098, 0.95049504950495045, 0.95039503950395043, 0.95129512951295125, 0.95009500950095005, 0.95079507950795084, 0.95009500950095005, 0.95079507950795084, 0.95029502950295031, 0.94969496949694965, 0.95009500950095005)

r_10000 <- c(0.96089608960896089, 0.96029602960296034, 0.95939593959395941, 0.95959595959595956, 0.96039603960396036, 0.95959595959595956, 0.96009600960096009, 0.95969596959695969, 0.96049604960496049, 0.95949594959495954, 0.95979597959795981, 0.95969596959695969, 0.96039603960396036, 0.96019601960196022, 0.96039603960396036, 0.96129612961296129, 0.95979597959795981, 0.95939593959395941, 0.95929592959295928, 0.95959595959595956, 0.95959595959595956, 0.96019601960196022, 0.96049604960496049, 0.95989598959895994, 0.95949594959495954, 0.95989598959895994, 0.95919591959195916, 0.95929592959295928, 0.95889588958895888, 0.95989598959895994)

r_15000 <- c(0.9644964496449645, 0.96509650965096505, 0.9636963696369637, 0.96519651965196518, 0.96489648964896491, 0.96439643964396438, 0.96539653965396544, 0.96459645964596463, 0.9636963696369637, 0.96419641964196423, 0.96519651965196518, 0.9644964496449645, 0.96459645964596463, 0.96389638963896385, 0.96489648964896491, 0.96469646964696465, 0.96489648964896491, 0.96459645964596463, 0.96439643964396438, 0.96509650965096505, 0.96429642964296425, 0.96419641964196423, 0.96509650965096505, 0.96519651965196518, 0.96559655965596558, 0.96439643964396438, 0.9644964496449645, 0.96459645964596463, 0.96419641964196423, 0.96529652965296531)

r_20000 <- c(0.96809680968096812, 0.96829682968296826, 0.96809680968096812, 0.96729672967296731, 0.96869686968696866, 0.96719671967196719, 0.96699669966996704, 0.96749674967496746, 0.96799679967996799, 0.96789678967896786, 0.96759675967596759, 0.96829682968296826, 0.96739673967396744, 0.96709670967096706, 0.96729672967296731, 0.96719671967196719, 0.96759675967596759, 0.96749674967496746, 0.96859685968596865, 0.96749674967496746, 0.96789678967896786, 0.96709670967096706, 0.96649664966496651, 0.96739673967396744, 0.96739673967396744, 0.96739673967396744, 0.96899689968996905, 0.96749674967496746, 0.96709670967096706, 0.96749674967496746)

r_25000 <- c(0.97009700970097013, 0.97139713971397135, 0.96949694969496947, 0.97059705970597054, 0.9703970397039704, 0.97149714971497148, 0.9707970797079708, 0.97059705970597054, 0.97089708970897093, 0.96999699969997, 0.97179717971797175, 0.97129712971297133, 0.97089708970897093, 0.97009700970097013, 0.97059705970597054, 0.97099709970997095, 0.97129712971297133, 0.9707970797079708, 0.9703970397039704, 0.97099709970997095, 0.97029702970297027, 0.97059705970597054, 0.97029702970297027, 0.97029702970297027, 0.9715971597159716, 0.9711971197119712, 0.97019701970197014, 0.97139713971397135, 0.97059705970597054, 0.97099709970997095)

r_30000 <- c(0.97089708970897093, 0.97049704970497053, 0.9707970797079708, 0.96999699969997, 0.9711971197119712, 0.97109710971097107, 0.97089708970897093, 0.97099709970997095, 0.97139713971397135, 0.9703970397039704, 0.97089708970897093, 0.9707970797079708, 0.97149714971497148, 0.97179717971797175, 0.97069706970697067, 0.97129712971297133, 0.9703970397039704, 0.9707970797079708, 0.97129712971297133, 0.9707970797079708, 0.9703970397039704, 0.97109710971097107, 0.97109710971097107, 0.97129712971297133, 0.96989698969896987, 0.97069706970697067, 0.97109710971097107, 0.9707970797079708, 0.97009700970097013, 0.97069706970697067)

r_40000 <- c(0.97319731973197321, 0.97289728972897294, 0.97419741974197416, 0.97319731973197321, 0.97309730973097308, 0.97399739973997401, 0.97289728972897294, 0.97419741974197416, 0.97379737973797376, 0.97369736973697374, 0.97409740974097414, 0.97389738973897388, 0.97319731973197321, 0.97319731973197321, 0.97359735973597361, 0.97289728972897294, 0.97379737973797376, 0.97309730973097308, 0.97369736973697374, 0.97339733973397335, 0.97319731973197321, 0.97339733973397335, 0.97349734973497348, 0.97349734973497348, 0.97369736973697374, 0.97349734973497348, 0.97319731973197321, 0.97379737973797376, 0.97279727972797281, 0.97349734973497348)

r_50000 <- c(0.97639763976397642, 0.97539753975397536, 0.97559755975597562, 0.97589758975897589, 0.97529752975297535, 0.97579757975797576, 0.97539753975397536, 0.97509750975097509, 0.97559755975597562, 0.97679767976797682, 0.97549754975497549, 0.97569756975697575, 0.97659765976597657, 0.97569756975697575, 0.97479747974797482, 0.97479747974797482, 0.97589758975897589, 0.97589758975897589, 0.97569756975697575, 0.97569756975697575, 0.97559755975597562, 0.97469746974697469, 0.97569756975697575, 0.97569756975697575, 0.97559755975597562, 0.97529752975297535, 0.97539753975397536, 0.97539753975397536, 0.97559755975597562, 0.97529752975297535)

boxplot(r_5000, r_10000, r_15000, r_20000, r_25000, r_30000, r_40000, r_50000, names=c('5000', '10000', '15000', '20000', '25000', '30000','40000', '50000'))
